Input/fac.txt
ncols         499
nrows         814
xllcorner     740469.8622132
yllcorner     6925315.7347817
cellsize      5
NODATA_value  -9999
[rows 308 to 351 of 814, columns 288 to 383 of 499]
0 0 0 3 5 8 729 733 2 19 3 4 18 83278 11 5 6 7 6 7 5 4 3 96 6 3 1 183 1 0 0 18 1 7 6 9 5 4 3 3 0 2 1 1 0 1 0 0 0 1 2 2 2 2 2 3 4 5 6 7 8 9 10 11 194003 3 0 42 4 3 11 4 12 29 21 24 0 26 57 30 32 0 1 2 3 4 34 5 6 7 12 8 9 616 24 75
0 1 1 0 4 719 2 1 18 2 3 17 4 19 83298 7 8 7 8 6 5 4 302 204 196 191 188 2 0 2 19 0 10 7 10 6 5 4 4 0 1 3 2 2 1 2 0 0 0 1 1 1 1 1 0 1 2 3 4 5 6 7 8 193993 8 1 0 41 3 2 10 3 11 28 20 23 25 27 28 29 31 0 1 2 3 33 4 5 6 11 7 8 615 23 36 37
16 3 0 2 713 1 0 17 1 2 16 3 18 4 10 83330 8 9 7 6 5 309 5 4 3 2 0 0 1 3 20 12 8 11 7 6 5 5 1 0 2 4 3 3 2 4 1 0 0 0 0 0 0 0 1 2 3 4 5 6 7 8 9 193983 5 1 0 40 2 1 9 2 10 27 19 22 24 26 27 28 30 0 1 2 32 3 4 5 10 6 7 592 21 22 35 36
3 17 4 711 1 0 16 0 1 15 2 17 3 4 5 12 83350 8 7 6 310 0 3 2 1 0 0 0 1 2 25 13 21 8 7 6 6 2 1 0 3 0 5 4 7 5 3 0 0 0 1 2 3 4 5 6 7 8 9 10 11 12 13 193958 2 1 0 39 1 0 8 1 9 26 18 21 23 25 26 27 29 0 1 31 2 3 4 9 5 6 568 22 20 21 34 35
16 4 679 19 1 0 15 0 14 1 16 2 3 4 5 13 83405 16 7 311 1 4 0 0 0 0 0 0 1 2 3 40 31 8 7 7 3 2 1 0 0 4 1 6 13 6 5 1 0 0 0 1 2 3 4 5 6 7 8 9 10 11 193946 7 2 1 0 36 1 0 7 0 8 25 17 20 22 24 25 26 28 0 30 1 2 3 8 4 5 6 560 21 19 20 33 34
38 649 5 14 1 0 14 13 0 15 1 2 3 4 12 5 16 83739 315 2 5 1 1 1 1 1 0 0 0 2 3 45 32 17 8 4 3 2 0 1 0 1 5 2 21 7 8 1 0 0 1 0 1 2 3 4 5 6 7 8 9 10 193933 3 2 1 0 12 22 0 6 7 10 13 16 19 21 23 24 25 27 29 0 1 2 7 3 4 5 537 21 20 18 19 32 33
10 581 2 1 13 0 13 12 14 0 1 2 3 11 4 15 5 10 83773 6 2 2 2 2 2 1 1 0 0 1 3 50 33 18 14 4 3 1 0 2 1 0 2 6 25 8 9 2 1 0 1 2 3 4 5 6 7 8 9 10 11 12 193921 3 2 1 0 11 20 0 5 6 9 12 15 18 20 22 23 24 26 28 0 1 6 2 3 4 5 530 20 19 17 18 31 32
569 7 2 1 0 12 12 11 13 0 1 2 10 3 14 4 9 18 6 83787 83867 3 3 3 2 2 1 0 0 1 2 55 34 19 15 9 2 0 1 3 2 1 0 3 33 9 10 3 2 0 1 2 3 4 5 6 7 8 9 10 11 12 193890 3 2 1 0 10 15 3 4 5 8 11 14 17 19 21 22 23 25 27 0 5 1 2 3 4 517 11 19 18 16 17 30 31
489 3 2 1 0 11 11 10 12 0 1 9 2 13 3 8 17 5 8 3 68 83882 8 3 3 2 1 0 1 2 3 56 35 20 16 10 3 1 2 4 3 2 1 4 34 10 11 4 3 0 1 2 0 1 2 3 4 5 6 7 8 193868 16 3 2 1 0 9 14 2 3 4 7 10 13 16 18 20 21 22 24 26 4 0 1 2 3 5 510 10 18 17 15 16 29 30
12 3 2 1 0 10 10 9 11 0 8 1 12 2 7 16 4 7 2 1 65 4 83903 83908 7 2 1 0 2 3 4 57 36 21 17 11 4 2 3 5 4 3 2 5 35 11 12 5 4 0 1 2 3 0 1 2 3 4 5 6 7 193858 11 10 2 1 0 8 13 1 2 3 6 9 12 15 17 19 20 21 23 25 3 0 1 2 4 500 8 9 17 16 14 15 28 29
7 3 2 1 0 9 9 8 10 7 0 11 1 6 15 3 6 1 0 64 3 4 14 18 83968 83991 2 1 3 4 5 58 37 22 18 12 5 3 4 6 5 4 3 6 36 12 13 6 5 0 1 2 3 4 0 1 2 3 4 5 6 193849 11 10 9 1 0 7 12 0 1 2 5 8 11 14 16 18 19 20 22 24 2 0 1 3 56 442 7 8 16 15 13 14 27 28
3 6 2 1 0 8 8 7 9 6 10 0 5 14 2 1 3 0 63 2 3 13 17 14 16 15 85934 85972 85977 5 6 59 38 23 19 13 6 4 5 7 6 5 4 7 37 13 14 7 6 0 1 2 3 4 5 0 1 2 3 4 5 193829 12 11 9 8 0 6 8 2 0 1 4 7 10 13 15 17 18 19 21 23 1 0 2 55 54 386 6 7 15 14 12 13 26 27
3 2 5 1 0 7 7 6 8 5 9 4 3 9 1 0 2 62 1 2 12 16 13 15 14 99 1841 34 4 85988 86005 86072 86112 24 20 14 7 5 6 8 7 6 5 8 38 14 15 8 7 0 1 2 3 4 5 6 0 1 2 3 4 193804 25 11 10 8 7 5 4 2 1 0 3 6 9 12 14 16 17 18 20 22 0 1 54 53 361 23 5 6 14 13 11 12 25 26
3 2 1 4 0 6 6 5 7 4 8 3 2 8 0 1 61 0 1 11 15 12 14 13 98 1812 27 33 3 4 2 5 6 86146 86175 86191 8 6 7 9 8 7 6 9 39 15 16 9 8 1 0 2 3 4 5 6 7 0 1 2 193743 33 14 12 10 9 7 6 4 3 1 0 2 5 8 11 13 15 16 17 19 21 0 53 52 51 308 22 4 5 13 12 10 11 24 25
4 2 1 0 3 5 5 4 6 3 7 2 1 7 0 43 16 0 10 14 11 13 12 97 1797 13 26 32 2 3 1 4 5 0 6 7 86217 86244 86264 86275 9 8 7 10 40 0 16 17 10 9 2 1 3 4 5 6 7 16 17 193621 117 19 17 13 11 9 8 6 5 3 2 0 1 4 7 10 12 14 15 16 18 20 52 51 50 228 78 21 3 4 12 11 9 10 23 24
5 3 1 0 2 4 4 3 5 2 6 1 0 6 42 14 0 9 13 10 12 11 96 1785 10 12 25 31 1 2 0 3 4 5 6 7 8 9 10 11 86313 86338 86371 86383 86425 0 1 17 18 11 10 3 2 4 5 6 14 15 87220 106381 57 38 18 16 12 10 8 7 5 4 2 1 0 3 6 9 11 13 14 15 17 19 51 50 49 227 77 20 2 3 11 10 8 9 22 23
5 4 2 0 1 3 3 2 4 1 5 0 5 5 35 13 8 12 9 11 10 30 64 1784 9 11 24 30 0 1 2 3 4 5 6 7 8 9 10 11 12 13 14 15 62 86489 86491 86494 86513 86533 86546 86558 86563 3 9 16 17 87203 106272 107 18 37 37 17 15 11 9 7 6 4 3 1 0 2 5 8 10 12 13 14 16 18 50 49 48 226 76 19 1 2 10 9 7 8 21 22
4 4 3 1 0 2 2 1 3 0 4 4 4 34 12 7 11 8 10 9 29 32 30 1783 8 10 23 29 0 1 2 3 4 5 6 7 8 9 10 11 12 13 14 45 15 51 74 96 113 138 146 153 160 86731 86742 86750 87184 106252 18 88 17 17 36 36 16 14 10 8 6 5 3 2 0 1 4 7 9 11 12 13 15 17 49 48 47 225 75 18 0 1 9 8 6 7 20 21
3 3 3 2 0 1 1 0 2 3 3 3 33 11 6 10 7 9 8 28 31 29 30 1751 7 9 22 28 0 1 2 3 4 5 6 7 8 9 10 11 12 13 44 14 34 21 20 15 23 6 5 5 5 9 6 432 106233 17 17 50 36 16 16 35 35 15 13 9 7 5 4 2 1 0 3 6 8 10 11 12 14 16 48 47 46 224 74 7 9 0 8 7 5 6 19 20
4 2 2 2 1 0 0 1 2 2 2 32 10 5 9 6 8 7 27 30 28 29 1742 7 6 8 21 27 0 1 2 3 4 5 6 7 8 9 10 11 12 43 13 33 20 19 14 22 5 4 4 4 8 5 431 106202 29 16 16 32 16 35 15 15 34 34 14 12 8 6 4 3 1 0 2 5 7 9 10 11 13 15 47 46 45 223 73 5 0 8 7 6 4 5 18 19
49 3 1 1 1 0 0 1 1 1 31 9 4 8 5 7 6 26 29 27 28 1732 8 6 5 7 20 26 0 1 2 3 4 5 6 7 8 9 10 11 42 12 32 19 18 13 21 4 3 3 3 7 4 430 8 106192 28 15 15 15 15 15 34 14 14 33 33 13 11 7 5 3 2 0 1 4 6 8 9 10 12 14 46 45 44 222 72 1 2 7 6 5 3 4 17 18
3 48 2 0 0 0 0 0 0 30 8 3 7 4 6 5 25 28 26 27 1722 8 7 5 4 6 19 25 0 1 2 3 4 5 6 7 8 9 10 41 11 31 18 17 12 20 3 2 2 2 6 3 429 7 3 106187 12 14 14 14 14 14 14 33 13 13 32 32 12 10 6 4 2 1 0 3 5 7 8 9 11 13 45 44 43 221 71 0 1 6 5 4 2 3 16 17
8 2 47 1 0 0 0 1 29 7 2 6 3 5 4 24 27 25 26 1 1719 7 6 4 3 5 18 24 0 1 2 3 4 5 6 7 8 9 40 10 30 17 16 11 19 2 1 1 1 5 2 428 6 2 1 106173 10 11 13 13 13 13 13 13 32 12 12 31 31 11 9 5 3 1 0 2 4 6 7 8 10 12 44 43 42 220 63 6 0 5 4 3 1 2 15 16
8 7 1 46 24 0 0 26 6 1 5 2 4 3 23 26 24 25 0 2 1715 6 5 3 2 4 17 23 0 1 2 3 4 5 6 7 8 39 9 29 16 15 10 18 1 0 0 0 4 1 427 5 1 0 106145 16 9 9 10 12 12 12 12 12 12 31 11 11 30 30 10 8 4 2 0 1 3 5 6 7 9 11 43 42 41 219 55 6 5 4 3 2 0 1 14 15
1 7 6 0 20 21 24 5 0 4 1 3 2 22 25 23 24 0 1 1712 1 5 4 2 1 3 16 22 0 1 2 3 4 5 6 7 38 8 28 15 14 9 17 0 0 1 2 3 0 426 4 0 0 1 106142 7 7 8 8 9 11 11 11 11 11 11 30 10 10 29 29 9 7 3 1 0 2 4 5 6 8 10 42 41 40 218 47 6 5 4 3 2 1 0 13 14
23 0 6 5 19 20 23 4 3 0 2 1 21 24 22 23 0 1 2 1708 0 4 3 1 0 2 15 21 0 1 2 3 4 5 6 37 7 27 14 13 8 16 9 10 11 12 13 114 425 3 4 10 25 41 106093 5 6 6 7 7 8 10 10 10 10 10 10 29 9 9 28 28 8 6 2 0 1 3 4 5 7 9 41 40 39 217 39 6 5 4 3 2 1 0 12 13
15 6 5 4 18 19 22 3 2 1 0 20 23 21 22 23 48 49 50 1707 5 4 3 2 0 1 14 20 0 1 2 3 4 5 36 6 26 13 12 7 15 8 0 1 2 3 99 309 2 3 4 13 14 16 106071 3 4 5 5 6 6 7 9 9 9 9 9 9 28 8 8 27 27 7 5 1 0 2 3 4 6 8 40 39 38 216 31 6 5 4 3 2 1 0 11 12
14 5 4 3 17 18 21 2 1 0 19 22 20 21 22 23 0 1 2 1649 1 0 3 2 1 0 13 19 0 1 2 3 4 35 5 25 12 11 6 14 7 8 9 10 11 94 308 1 2 3 12 13 15 16 106052 0 2 3 4 4 5 5 6 8 8 8 8 8 8 27 7 7 26 26 6 4 0 1 2 3 5 7 39 38 37 215 23 6 5 4 3 2 1 0 10 11
13 4 3 2 16 17 20 1 0 18 21 19 20 21 22 23 24 25 26 1643 16 15 3 2 1 0 12 18 0 1 2 3 34 4 24 11 10 5 13 6 7 8 9 10 81 307 0 1 2 11 12 14 15 17 106031 1 0 1 2 3 3 4 4 5 7 7 7 7 7 7 26 6 6 25 25 5 3 0 1 2 4 6 38 37 36 214 15 6 5 4 3 2 1 0 9 10
12 3 2 1 15 16 19 0 17 20 18 19 20 21 22 27 28 29 30 1598 4 3 10 2 1 0 11 17 0 1 2 33 3 23 10 9 4 12 5 6 7 8 36 69 293 12 0 1 10 11 13 14 16 17 106009 2 1 0 0 1 2 2 3 3 4 6 6 6 6 6 6 25 5 5 24 24 4 2 0 1 3 5 37 36 35 213 7 6 5 4 3 2 1 0 8 9
11 2 1 0 14 15 18 16 19 17 18 19 20 21 26 0 1 2 3 1561 4 3 2 9 1 0 10 16 0 1 32 2 22 9 8 3 11 4 5 6 7 26 31 225 66 11 0 9 10 12 13 15 16 17 105990 4 3 2 1 0 0 1 1 2 2 3 5 5 5 5 5 5 24 4 4 23 23 3 1 0 2 4 36 35 34 33 178 6 5 4 3 2 1 0 7 8
10 1 0 13 14 17 15 18 16 17 18 19 20 25 23 24 25 26 27 1523 17 16 2 1 8 0 9 15 0 31 1 21 8 7 2 10 3 4 5 6 25 30 224 10 54 10 8 9 11 12 14 15 16 17 105959 6 5 4 3 2 1 0 0 0 1 1 2 4 4 4 4 4 4 23 3 3 22 22 2 0 1 3 35 34 33 32 152 24 5 4 3 2 1 0 6 7
9 0 12 13 16 14 17 15 16 17 18 19 24 22 0 1 2 3 1496 7 6 2 15 1 0 7 8 14 30 0 20 7 6 1 9 2 3 4 5 24 29 223 9 53 9 7 8 10 11 13 14 15 16 17 105930 9 8 7 6 5 4 3 2 1 0 0 0 1 3 3 3 3 3 3 22 2 2 21 21 1 0 2 34 33 32 31 127 23 23 4 3 2 1 0 5 6
8 11 12 15 13 16 14 15 16 17 18 23 21 0 1 2 3 4 1491 4 3 2 1 14 0 6 7 13 29 19 6 5 0 8 1 2 3 4 23 28 222 8 52 8 6 7 9 10 12 13 14 15 16 17 105898 12 11 10 9 8 7 6 5 4 3 2 1 0 0 2 2 2 2 2 2 21 1 1 20 20 0 1 33 32 31 30 83 42 22 22 3 2 1 0 4 5
10 11 14 12 15 13 14 15 16 17 22 20 0 1 2 3 4 5 1480 4 3 2 1 0 13 5 6 12 28 18 5 4 7 0 1 2 3 22 27 221 7 51 7 5 6 8 9 11 12 13 14 15 16 17 105864 14 13 12 11 10 9 8 7 6 5 4 3 2 1 0 1 1 1 1 1 1 20 0 0 19 19 0 32 31 30 29 55 26 41 21 21 2 1 0 3 4
10 13 11 14 12 13 14 15 16 21 19 20 21 22 23 24 25 26 1441 8 3 2 1 0 12 4 5 11 27 17 4 3 6 0 1 2 21 26 220 6 50 6 4 5 7 8 10 11 12 13 14 15 16 18 105828 15 14 13 12 11 10 9 8 7 6 5 4 3 2 1 0 0 0 0 0 0 0 19 18 17 18 18 31 30 29 28 27 26 25 40 20 20 1 0 2 3
12 10 13 11 12 13 14 15 20 18 19 16 17 18 19 20 21 1420 10 4 3 2 1 0 11 3 4 10 26 16 3 2 5 0 1 20 25 219 5 49 5 3 4 6 7 9 10 11 12 13 14 15 17 22 105765 38 37 36 35 34 33 32 31 30 29 28 27 26 25 24 23 22 21 20 19 18 17 16 15 14 16 17 17 30 29 28 27 26 25 24 39 19 19 0 1 2
9 12 10 11 12 13 14 19 17 18 15 32 33 34 35 36 37 1397 12 4 3 2 1 0 10 2 3 9 25 15 2 1 4 0 19 24 218 4 48 4 2 3 5 6 8 9 10 11 12 13 14 16 21 2 16 105744 24 23 22 21 20 19 18 17 16 15 14 13 12 11 10 9 8 7 6 5 4 3 2 1 13 15 16 16 29 28 27 26 25 24 23 38 18 18 0 1
11 9 10 11 12 13 18 16 17 14 31 14 31 32 33 34 35 1304 4 11 3 2 1 0 9 1 2 8 24 14 1 0 3 18 23 217 3 47 3 1 2 4 5 7 8 9 10 11 12 13 15 20 1 1 13 105718 23 22 21 20 19 18 17 16 15 14 13 12 11 10 9 8 7 6 5 4 3 2 1 0 0 12 14 15 15 28 27 26 25 24 23 22 37 17 17 0
8 9 10 11 12 17 15 16 13 30 13 15 6 7 8 9 1283 9 9 3 10 2 1 0 8 0 1 7 23 13 0 2 17 22 216 2 46 2 0 1 3 4 6 7 8 9 10 11 12 14 19 0 0 0 12 105693 25 24 23 22 21 20 19 18 17 16 15 14 13 12 11 10 9 8 7 6 5 4 3 2 1 0 11 13 14 14 27 26 25 24 23 22 21 36 16 16
8 9 10 11 16 14 15 12 29 12 14 5 0 1 2 3 1268 4 3 8 2 9 1 0 7 0 6 10 11 12 1 16 21 215 1 40 4 1 0 2 3 5 6 7 8 9 10 11 13 18 0 1 2 3 10 105666 26 25 24 23 22 21 20 19 18 17 16 15 14 13 12 11 10 9 8 7 6 5 4 3 2 1 0 10 12 13 13 26 25 24 23 22 21 20 35 15
8 9 10 15 13 14 11 28 11 13 4 0 1 2 3 4 1257 4 3 2 7 1 8 0 6 5 9 10 11 0 15 20 214 0 27 11 3 0 1 2 4 5 6 7 8 9 10 12 17 0 1 2 3 4 5 105638 27 26 25 24 23 22 21 20 19 18 17 16 15 14 13 12 11 10 9 8 7 6 5 4 3 2 1 0 9 11 12 12 25 24 23 22 21 20 19 34
8 9 14 12 13 10 27 10 12 3 0 1 2 3 4 1239 9 6 3 2 1 6 0 7 5 4 8 9 10 14 19 198 14 13 12 10 2 0 1 3 4 5 6 7 8 9 11 16 17 18 19 20 21 22 23 105585 28 27 26 25 24 23 22 21 20 19 18 17 16 15 14 13 12 11 10 9 8 7 6 5 4 3 2 1 0 8 10 11 11 24 23 22 21 20 19 18
8 13 11 12 9 26 9 11 2 0 1 2 3 4 5 1227 4 3 5 2 1 0 5 6 4 3 7 8 9 13 18 197 13 12 11 9 1 0 2 3 4 5 6 7 8 10 15 16 18 19 20 21 22 23 24 105500 29 28 27 26 25 24 23 22 21 20 19 18 17 16 15 14 13 12 11 10 9 8 7 6 5 4 3 2 1 0 7 9 10 10 23 22 21 20 19 18
