Input/fac.txt
ncols         499
nrows         814
xllcorner     740469.8622132
yllcorner     6925315.7347817
cellsize      5
NODATA_value  -9999
[rows 528 to 571 of 814, columns 384 to 479 of 499]
28 29 30 31 32 4671 4547 13 4 3 2 1 0 2 2 2 2 3 8 3 7 2 7 49 3 2 1 0 0 0 0 43 42 41 40 39 38 37 36 35 34 33 32 31 30 29 28 27 26 25 24 23 22 21 20 19 18 17 16 15 14 13 12 11 10 9 8 7 6 5 4 3 2 1 0 0 0 6 5 4 3 2 0 1 1 0 -9999 -9999 -9999 -9999 -9999 -9999 -9999 -9999 -9999 -9999
27 28 29 30 31 34 87 4532 3 2 1 0 3 3 3 3 4 9 4 8 3 8 50 7 2 1 0 1 1 1 44 0 49 48 47 46 45 44 43 42 41 40 39 38 37 36 35 34 33 32 31 30 29 28 27 26 25 24 23 22 21 20 19 18 17 16 15 14 13 12 11 10 9 8 7 6 5 4 3 2 1 0 1 0 0 -9999 -9999 -9999 -9999 -9999 -9999 -9999 -9999 -9999 -9999 -9999
26 27 28 29 30 33 42 43 4527 1 0 4 4 4 4 5 10 5 9 4 9 51 17 8 7 6 5 2 2 45 1 50 51 50 49 48 47 46 45 44 43 42 41 40 39 38 37 36 35 34 33 32 31 30 29 28 27 26 25 24 23 22 21 20 19 18 17 16 15 14 13 12 11 10 9 8 7 6 5 4 3 2 1 0 -9999 -9999 -9999 -9999 -9999 -9999 -9999 -9999 -9999 -9999 -9999 -9999
25 26 27 28 29 32 41 42 43 4480 4334 11 5 5 6 11 6 10 5 10 127 74 55 54 53 52 51 50 46 158 155 103 50 49 48 47 46 45 44 43 42 41 40 39 38 37 36 35 34 33 32 31 30 29 28 27 26 25 24 23 22 21 20 19 18 17 16 15 14 13 12 11 10 9 8 7 6 5 4 3 2 1 0 0 -9999 -9999 -9999 -9999 -9999 -9999 -9999 -9999 -9999 -9999 -9999 -9999
24 25 26 27 28 31 40 41 42 47 96 4316 14 7 12 7 11 6 363 351 222 221 220 219 218 217 216 215 214 54 53 52 51 50 49 48 47 46 45 44 43 42 41 40 39 38 37 36 35 34 33 32 31 30 29 28 27 26 25 24 23 22 21 20 19 18 17 16 15 14 13 12 11 10 9 8 7 6 5 4 3 2 1 0 -9999 -9999 -9999 -9999 -9999 -9999 -9999 -9999 -9999 -9999 -9999 -9999
23 24 25 26 27 30 39 40 41 46 49 45 4300 22 8 12 438 430 65 64 63 62 61 60 59 58 57 56 55 54 53 52 51 50 49 48 47 46 45 44 43 42 41 40 39 38 37 36 35 34 33 32 31 30 29 28 27 26 25 24 23 22 21 20 19 18 17 16 15 14 13 12 11 10 9 8 7 6 5 4 3 2 1 0 -9999 -9999 -9999 -9999 -9999 -9999 -9999 -9999 -9999 -9999 -9999 -9999
22 23 24 25 26 29 38 39 40 45 48 44 98 4177 3967 507 67 66 65 64 63 62 61 60 59 58 57 56 55 54 53 52 51 50 49 48 47 46 45 44 43 42 41 40 39 38 37 36 35 34 33 32 31 30 29 28 27 26 25 24 23 22 21 20 19 18 17 16 15 14 13 12 11 10 9 8 7 6 5 4 3 2 1 0 0 -9999 -9999 -9999 -9999 -9999 -9999 -9999 -9999 -9999 -9999 -9999
21 22 23 24 25 28 37 38 39 44 47 43 97 42 165 3445 66 65 64 63 62 61 60 59 58 57 56 55 54 53 52 51 50 49 48 47 46 45 44 43 42 41 40 39 38 37 36 35 34 33 32 31 30 29 28 27 26 25 24 23 22 21 20 19 18 17 16 15 14 13 12 11 10 9 8 7 6 5 4 3 2 1 0 1 0 0 -9999 -9999 -9999 -9999 -9999 -9999 -9999 -9999 -9999 -9999
20 21 22 23 24 27 36 37 38 43 46 42 96 41 67 96 3377 64 63 62 61 60 59 58 57 56 55 54 53 52 51 50 49 48 47 46 45 44 43 42 41 40 39 38 37 36 35 34 33 32 31 30 29 28 27 26 25 24 23 22 21 20 19 18 17 16 15 14 13 12 11 10 9 8 7 6 5 4 3 2 1 0 2 1 1 0 -9999 -9999 -9999 -9999 -9999 -9999 -9999 -9999 -9999 -9999
19 20 21 22 23 26 35 36 37 42 45 41 95 40 66 56 38 3311 3191 65 64 63 62 61 60 59 58 57 56 55 54 53 52 51 50 49 48 47 46 45 44 43 42 41 40 39 38 37 36 35 34 33 32 31 30 29 28 27 26 25 24 23 22 21 20 19 18 17 16 15 14 13 12 11 10 9 8 7 6 5 4 3 2 2 1 0 0 -9999 -9999 -9999 -9999 -9999 -9999 -9999 -9999 -9999
18 19 20 21 22 25 34 35 36 41 44 40 94 39 65 55 37 39 78 3124 64 63 62 61 60 59 58 57 56 55 54 53 52 51 50 49 48 47 46 45 44 43 42 41 40 39 38 37 36 35 34 33 32 31 30 29 28 27 26 25 24 23 22 21 20 19 18 17 16 15 14 13 12 11 10 9 8 7 6 5 4 3 3 2 4 2 0 -9999 -9999 -9999 -9999 -9999 -9999 -9999 -9999 -9999
17 18 19 20 21 24 33 34 35 40 43 39 93 38 64 54 36 38 37 39 3058 2894 77 76 75 74 73 72 71 70 69 68 67 66 65 64 63 62 61 60 59 58 57 56 55 54 53 52 51 50 49 48 47 46 45 44 43 42 41 40 39 38 37 36 35 34 33 32 31 30 29 28 27 26 25 24 23 22 21 20 19 18 13 9 3 2 1 0 -9999 -9999 -9999 -9999 -9999 -9999 -9999 -9999
16 17 18 19 20 23 32 33 34 39 42 38 92 37 63 53 35 37 36 38 39 122 2815 4 3 2 1 0 0 0 0 0 0 0 53 52 51 50 49 48 47 46 45 44 43 42 41 40 39 38 37 36 35 34 33 32 31 30 29 28 27 26 25 24 23 22 21 20 19 18 17 16 15 14 13 12 11 10 9 8 7 6 5 4 3 2 1 0 -9999 -9999 -9999 -9999 -9999 -9999 -9999 -9999
15 16 17 18 19 22 31 32 33 38 41 37 91 36 62 52 34 36 35 37 38 39 81 2809 4 3 2 1 1 1 1 1 1 54 0 0 50 49 48 47 46 45 44 43 42 41 40 39 38 37 36 35 34 33 32 31 30 29 28 27 26 25 24 23 22 21 20 19 18 17 16 15 14 13 12 11 10 9 8 7 6 5 4 3 2 1 0 0 -9999 -9999 -9999 -9999 -9999 -9999 -9999 -9999
14 15 16 17 18 21 30 31 32 37 40 36 90 35 61 51 33 35 34 36 37 38 39 40 2803 2689 3 2 2 2 2 2 55 1 1 51 49 48 47 46 45 44 43 42 41 40 39 38 37 36 35 34 33 32 31 30 29 28 27 26 25 24 23 22 21 20 19 18 17 16 15 14 13 12 11 10 9 8 7 6 5 4 3 2 1 0 1 -9999 -9999 -9999 -9999 -9999 -9999 -9999 -9999 -9999
13 14 15 16 17 20 29 30 31 36 39 35 89 34 60 50 32 34 33 35 36 37 38 39 37 74 2684 11 7 3 3 56 2 2 52 50 0 44 43 42 41 40 39 38 37 36 35 34 33 32 31 30 29 28 27 26 25 24 23 22 21 20 19 18 17 16 15 14 13 12 11 10 9 8 7 6 5 4 3 2 1 0 0 0 0 2 0 -9999 -9999 -9999 -9999 -9999 -9999 -9999 -9999 -9999
12 13 14 15 16 19 28 29 30 35 38 34 88 33 59 49 31 33 32 34 35 36 37 38 36 35 37 2671 63 62 57 3 3 53 51 1 45 39 38 37 36 35 34 33 32 31 30 29 28 27 26 25 24 23 22 21 20 19 18 17 16 15 14 13 12 11 10 9 8 7 6 5 4 3 2 1 0 0 0 0 0 1 1 1 3 1 0 -9999 -9999 -9999 -9999 -9999 -9999 -9999 -9999 -9999
11 12 13 14 15 18 27 28 29 34 37 33 87 32 58 48 30 32 31 33 34 35 36 37 35 34 36 38 2567 2413 64 59 54 52 2 46 40 0 36 35 34 33 32 31 30 29 28 27 26 25 24 23 22 21 20 19 18 17 16 15 14 13 12 11 10 9 8 7 6 5 4 3 2 1 0 0 1 1 1 1 2 2 2 4 2 1 0 -9999 -9999 -9999 -9999 -9999 -9999 -9999 -9999 -9999
10 11 12 13 14 17 26 27 28 33 36 32 86 31 57 47 29 31 30 32 33 34 35 36 34 33 35 37 40 111 2347 106 105 51 47 41 1 37 35 34 33 32 31 30 29 28 27 26 25 24 23 22 21 20 19 18 17 16 15 14 13 12 11 10 9 8 7 6 5 4 3 2 1 0 1 2 2 2 2 3 3 3 5 3 2 1 0 0 -9999 -9999 -9999 -9999 -9999 -9999 -9999 -9999
9 10 11 12 13 16 25 26 27 32 35 31 85 30 56 46 28 30 29 31 32 33 34 35 33 32 34 36 39 42 67 2239 44 43 42 2 38 36 0 33 32 31 30 29 28 27 26 25 24 23 22 21 20 19 18 17 16 15 14 13 12 11 10 9 8 7 6 5 4 3 2 1 0 2 3 3 3 3 4 4 4 6 4 3 2 1 1 -9999 -9999 -9999 -9999 -9999 -9999 -9999 -9999 -9999
8 9 10 11 12 15 24 25 26 31 34 30 84 29 55 45 27 29 28 30 31 32 33 34 32 31 33 35 38 41 42 23 2193 44 43 39 37 1 34 36 35 34 33 32 31 30 29 28 27 26 25 24 23 22 21 20 19 18 17 16 15 14 13 12 11 10 9 8 7 6 5 4 3 4 4 4 4 5 5 5 7 5 4 3 2 2 -9999 -9999 -9999 -9999 -9999 -9999 -9999 -9999 -9999 -9999
7 8 9 10 11 14 23 24 25 30 33 29 83 28 54 44 26 28 27 29 30 31 32 33 31 30 32 34 37 40 41 22 20 2126 2013 41 2 35 37 0 37 36 35 34 33 32 31 30 29 28 27 26 25 24 23 22 21 20 19 18 17 16 15 14 13 12 11 10 9 8 7 6 5 5 5 5 6 6 6 8 6 5 4 3 3 0 -9999 -9999 -9999 -9999 -9999 -9999 -9999 -9999 -9999 -9999
6 7 8 9 10 13 22 23 24 29 32 28 82 27 53 43 25 27 26 28 29 30 31 32 30 29 31 33 36 39 40 21 19 18 92 1970 75 38 1 38 0 37 36 35 34 33 32 31 30 29 28 27 26 25 24 23 22 21 20 19 18 17 16 15 14 13 12 11 10 9 8 7 6 6 6 7 7 7 9 7 6 5 4 4 1 0 -9999 -9999 -9999 -9999 -9999 -9999 -9999 -9999 -9999 -9999
5 6 7 8 9 12 21 22 23 28 31 27 81 26 52 42 24 26 25 27 28 29 30 31 29 28 30 32 35 38 39 20 18 17 19 71 1893 42 39 1 38 30 29 28 27 26 25 24 23 22 21 20 19 18 17 16 15 14 13 12 11 10 9 8 7 6 5 4 3 2 1 0 7 7 8 8 8 10 8 7 6 5 5 2 1 0 -9999 -9999 -9999 -9999 -9999 -9999 -9999 -9999 -9999 -9999
4 5 6 7 8 11 20 21 22 27 30 26 80 25 51 41 23 25 24 26 27 28 29 30 28 27 29 31 34 37 38 19 17 16 18 26 43 1849 42 39 31 29 28 27 26 25 24 23 22 21 20 19 18 17 16 15 14 13 12 11 10 9 8 7 6 5 4 3 2 1 0 8 8 9 9 9 11 9 8 7 6 6 3 2 1 -9999 -9999 -9999 -9999 -9999 -9999 -9999 -9999 -9999 -9999 -9999
3 4 5 6 7 10 19 20 21 26 29 25 79 24 50 40 22 24 23 25 26 27 28 29 27 26 28 30 33 36 37 18 16 15 17 25 42 28 1776 63 30 26 25 24 23 22 21 20 19 18 17 16 15 14 13 12 11 10 9 8 7 6 5 4 3 2 1 0 0 0 9 9 10 10 10 12 10 9 8 7 7 4 3 2 -9999 -9999 -9999 -9999 -9999 -9999 -9999 -9999 -9999 -9999 -9999 -9999
2 3 4 5 6 9 18 19 20 25 28 24 78 23 49 39 21 23 22 24 25 26 27 28 26 25 27 29 32 35 36 17 15 14 16 24 41 27 18 1692 51 23 22 21 20 19 18 17 16 15 14 13 12 11 10 9 8 7 6 5 4 3 2 1 0 0 0 1 1 10 10 11 11 11 13 11 10 9 8 8 5 4 3 -9999 -9999 -9999 -9999 -9999 -9999 -9999 -9999 -9999 -9999 -9999 -9999 -9999
1 2 3 4 5 8 17 18 19 24 27 23 77 22 48 38 20 22 21 23 24 25 26 27 25 24 26 28 31 34 35 16 14 13 15 23 40 26 17 1596 42 21 20 19 18 17 16 15 14 13 12 11 10 9 8 7 6 5 4 3 2 1 0 0 1 1 2 2 11 11 12 12 12 14 12 11 10 9 9 6 5 4 -9999 -9999 -9999 -9999 -9999 -9999 -9999 -9999 -9999 -9999 -9999 -9999 -9999 -9999
0 1 2 3 4 7 16 17 18 23 26 22 76 21 47 37 19 21 20 22 23 24 25 26 24 23 25 27 30 33 34 15 13 12 14 22 39 25 16 9 1585 19 18 17 16 15 14 13 12 11 10 9 8 7 6 5 4 3 2 1 0 0 1 2 2 3 3 12 12 13 13 13 15 13 12 11 10 10 7 6 5 -9999 -9999 -9999 -9999 -9999 -9999 -9999 -9999 -9999 -9999 -9999 -9999 -9999 -9999 -9999
4 0 1 2 3 6 15 16 17 22 25 21 75 20 46 36 18 20 19 21 22 23 24 25 23 22 24 26 29 32 33 14 12 11 13 21 38 24 15 8 4 1579 16 15 14 13 12 11 10 9 8 7 6 5 4 3 2 1 0 0 1 2 3 3 4 4 13 13 14 14 14 16 14 13 12 11 11 8 7 6 -9999 -9999 -9999 -9999 -9999 -9999 -9999 -9999 -9999 -9999 -9999 -9999 -9999 -9999 -9999 -9999
4 3 0 1 2 5 14 15 16 21 24 20 74 19 45 35 17 19 18 20 21 22 23 24 22 21 23 25 28 31 32 13 11 10 12 20 37 23 14 7 3 1547 13 12 11 10 9 8 7 6 5 4 3 2 1 0 0 0 1 2 3 4 4 5 5 14 14 15 15 15 17 15 14 13 12 12 9 8 7 -9999 -9999 -9999 -9999 -9999 -9999 -9999 -9999 -9999 -9999 -9999 -9999 -9999 -9999 -9999 -9999 -9999
11 3 2 0 1 4 13 14 15 20 23 19 73 18 44 34 16 18 17 19 20 21 22 23 21 20 22 24 27 30 31 12 10 9 11 19 36 22 13 6 2 1 1544 10 9 8 7 6 5 4 3 2 1 0 0 1 1 2 3 4 5 5 6 6 15 15 16 16 16 18 16 15 14 13 13 10 9 0 8 -9999 -9999 -9999 -9999 -9999 -9999 -9999 -9999 -9999 -9999 -9999 -9999 -9999 -9999 -9999 -9999 -9999
4 10 2 1 0 3 12 13 14 19 22 18 72 17 43 33 15 17 16 18 19 20 21 22 20 19 21 23 26 29 30 11 9 8 10 18 35 21 12 5 1 0 5 1526 10 9 8 7 6 5 4 3 2 1 2 2 3 4 5 6 6 7 7 16 16 17 17 17 19 17 16 15 14 14 11 10 1 0 9 -9999 -9999 -9999 -9999 -9999 -9999 -9999 -9999 -9999 -9999 -9999 -9999 -9999 -9999 -9999 -9999 -9999
4 3 9 1 0 2 11 12 13 18 21 17 71 16 42 32 14 16 15 17 18 19 20 21 19 18 20 22 25 28 29 10 8 7 9 17 34 20 11 4 0 1 2 1501 12 11 10 9 8 7 6 5 4 3 3 4 5 6 7 7 8 8 17 17 18 18 18 20 18 17 16 15 15 12 11 2 1 0 10 -9999 -9999 -9999 -9999 -9999 -9999 -9999 -9999 -9999 -9999 -9999 -9999 -9999 -9999 -9999 -9999 -9999
4 3 2 8 0 1 10 11 12 17 20 16 70 15 41 31 13 15 14 16 17 18 19 20 18 17 19 21 24 27 28 9 7 6 8 16 33 19 10 3 0 1 2 9 1487 18 17 16 15 14 13 12 11 10 5 6 7 8 8 9 9 18 18 19 19 19 21 19 18 17 16 16 13 12 3 2 1 0 11 -9999 -9999 -9999 -9999 -9999 -9999 -9999 -9999 -9999 -9999 -9999 -9999 -9999 -9999 -9999 -9999 -9999
4 3 2 1 7 0 9 10 11 16 19 15 69 14 40 30 12 14 13 15 16 17 18 19 17 16 18 20 23 26 27 8 6 5 7 15 32 18 9 2 0 1 3 4 1467 25 24 23 22 21 20 19 18 17 16 8 9 9 10 10 19 19 20 20 20 22 20 19 18 17 17 14 13 4 3 2 1 12 -9999 -9999 -9999 -9999 -9999 -9999 -9999 -9999 -9999 -9999 -9999 -9999 -9999 -9999 -9999 -9999 -9999 -9999
4 3 2 1 0 6 8 9 10 15 18 14 68 13 39 29 11 13 12 14 15 16 17 18 16 15 17 19 22 25 26 7 5 4 6 14 31 17 8 1 0 2 3 4 1414 20 19 18 17 16 15 14 13 12 11 10 10 11 11 20 20 21 21 21 23 21 20 19 18 18 15 14 5 4 3 2 13 -9999 -9999 -9999 -9999 -9999 -9999 -9999 -9999 -9999 -9999 -9999 -9999 -9999 -9999 -9999 -9999 -9999 -9999 -9999
4 3 2 1 0 5 7 8 9 14 17 13 67 12 38 28 10 12 11 13 14 15 16 17 15 14 16 18 21 24 25 6 4 3 5 13 30 16 7 0 1 2 3 4 11 1396 20 19 18 17 16 15 14 13 12 11 12 12 21 21 22 22 22 24 22 21 20 19 19 16 15 6 5 4 3 14 -9999 -9999 -9999 -9999 -9999 -9999 -9999 -9999 -9999 -9999 -9999 -9999 -9999 -9999 -9999 -9999 -9999 -9999 -9999 -9999
5 3 2 1 0 4 6 7 8 13 16 12 66 11 37 27 9 11 10 12 13 14 15 16 14 13 15 17 20 23 24 5 3 2 4 12 29 15 6 0 1 2 3 4 5 1337 36 35 34 33 32 31 30 29 28 27 13 22 22 23 23 23 25 23 22 21 20 20 17 16 7 6 5 4 15 -9999 -9999 -9999 -9999 -9999 -9999 -9999 -9999 -9999 -9999 -9999 -9999 -9999 -9999 -9999 -9999 -9999 -9999 -9999 -9999 -9999
8 4 2 1 0 3 5 6 7 12 15 11 65 10 36 26 8 10 9 11 12 13 14 15 13 12 14 16 19 22 23 4 2 1 3 11 28 14 5 0 1 2 3 4 19 1258 57 56 55 54 53 52 51 50 49 48 47 23 173 148 123 98 71 46 22 21 21 18 17 8 7 6 5 16 0 -9999 -9999 -9999 -9999 -9999 -9999 -9999 -9999 -9999 -9999 -9999 -9999 -9999 -9999 -9999 -9999 -9999 -9999 -9999 -9999 -9999
8 7 3 1 0 2 4 5 6 11 14 10 64 9 35 25 7 9 8 10 11 12 13 14 12 11 13 15 18 21 22 3 1 0 2 10 27 13 4 0 1 2 3 18 12 37 1206 213 212 211 210 209 208 207 206 205 204 203 28 27 26 25 24 23 22 22 19 18 9 8 7 6 17 1 -9999 -9999 -9999 -9999 -9999 -9999 -9999 -9999 -9999 -9999 -9999 -9999 -9999 -9999 -9999 -9999 -9999 -9999 -9999 -9999 -9999 -9999
14 7 6 2 0 1 3 4 5 10 13 9 63 8 34 24 6 8 7 9 10 11 12 13 11 10 12 14 17 20 21 2 0 1 3 5 26 12 3 0 1 2 17 11 12 23 975 15 14 13 12 11 10 9 8 7 6 5 4 3 2 1 0 0 23 20 19 10 9 8 7 18 2 -9999 -9999 -9999 -9999 -9999 -9999 -9999 -9999 -9999 -9999 -9999 -9999 -9999 -9999 -9999 -9999 -9999 -9999 -9999 -9999 -9999 -9999 -9999
7 13 6 5 1 0 2 3 4 9 12 8 62 7 33 23 5 7 6 8 9 10 11 12 10 9 11 13 16 19 20 1 0 2 4 3 21 11 2 0 1 16 10 11 22 12 934 26 25 24 23 22 21 20 13 6 5 4 3 2 1 0 1 24 21 20 11 10 9 8 19 3 -9999 -9999 -9999 -9999 -9999 -9999 -9999 -9999 -9999 -9999 -9999 -9999 -9999 -9999 -9999 -9999 -9999 -9999 -9999 -9999 -9999 -9999 -9999 -9999
7 6 12 5 4 0 1 2 3 8 11 7 61 6 32 22 4 6 5 7 8 9 10 11 9 8 10 12 15 18 19 0 1 3 2 4 15 10 1 0 15 9 10 21 11 23 46 862 227 226 225 224 223 0 5 5 4 3 2 1 0 2 25 22 21 12 11 10 9 20 4 -9999 -9999 -9999 -9999 -9999 -9999 -9999 -9999 -9999 -9999 -9999 -9999 -9999 -9999 -9999 -9999 -9999 -9999 -9999 -9999 -9999 -9999 -9999 -9999 -9999
