Input/fac.txt
ncols         499
nrows         814
xllcorner     740469.8622132
yllcorner     6925315.7347817
cellsize      5
NODATA_value  -9999
[rows 704 to 747 of 814, columns 192 to 287 of 499]
19 40 78 8 7 7 7 11 14 9 19 10 6331 8 8 7 6 43 5 43 3 1 0 2 4 9 8 3 4 2 0 1 8 5 6 7 9 11 10 0 0 1 2 8 1 181 1083 12 3 4 828 6 2 1 641 575 22 21 20 19 18 17 16 15 14 13 12 11 10 9 8 7 6 5 4 3 2 1 0 0 0 0 1 5 4 1 319 316 301 0 9 15 6 5 4 3
39 77 7 6 6 6 10 13 8 18 9 39 6279 10 7 7 6 5 42 4 42 2 0 1 3 8 7 2 3 1 0 7 4 5 6 8 10 9 0 1 2 3 4 0 180 1082 11 2 3 13 806 6 5 1 0 64 551 25 24 23 22 21 20 19 18 17 16 15 14 13 12 11 10 9 8 7 6 5 4 3 2 1 0 0 4 3 0 1 13 289 278 36 12 5 4 2
76 6 5 5 5 9 12 7 17 8 38 6242 27 7 9 6 6 5 4 41 3 41 1 0 2 7 6 1 2 0 6 3 4 5 7 9 8 0 1 2 3 4 5 179 1081 10 1 2 12 95 702 6 5 4 0 23 39 524 521 26 25 24 23 22 21 20 19 18 17 16 15 14 13 12 11 10 9 8 7 6 5 4 3 2 1 3 2 0 1 10 9 230 10 9 3 2
5 4 4 4 8 11 6 16 7 37 31 6209 18 7 6 8 5 5 4 3 40 2 40 0 1 6 5 0 1 5 2 3 4 6 8 7 7 22 23 24 25 26 172 1080 9 0 1 11 2 91 694 6 5 4 3 22 2 35 1 493 380 23 22 21 20 19 18 17 16 15 14 13 12 11 10 9 8 7 6 5 4 3 2 1 0 0 2 1 0 9 8 6 211 4 3 0
3 3 3 7 10 5 15 6 36 30 36 6171 9 7 6 5 7 4 4 3 2 39 1 39 0 5 4 0 4 1 2 3 5 7 6 6 13 103 104 105 106 144 1071 7 8 0 10 1 2 87 610 82 5 4 3 2 21 1 34 0 111 355 330 117 116 115 114 113 112 111 110 109 108 107 106 105 104 103 102 94 57 44 6 5 4 3 2 1 0 8 7 5 2 202 0 1
2 2 6 9 4 14 5 35 29 35 37 6124 7 8 6 5 4 6 3 3 2 1 38 0 38 4 3 3 0 1 2 4 6 5 5 12 102 7 16 26 36 1061 8 6 7 9 0 1 37 48 603 5 81 4 3 2 1 20 0 33 38 71 23 211 196 15 14 13 12 11 10 9 8 7 6 5 4 3 2 6 35 11 36 32 29 19 10 1 0 7 6 4 1 4 195 189
1 5 8 3 13 4 34 28 34 36 6069 44 8 6 7 5 4 3 5 2 2 1 0 37 37 3 2 2 0 1 3 5 4 4 11 101 6 7 8 8 1055 4 7 5 6 8 0 10 25 47 596 5 4 80 3 2 1 0 19 32 37 48 21 22 13 179 160 13 12 11 10 9 8 7 6 5 4 3 2 1 5 34 10 2 1 8 7 9 0 6 5 3 0 3 4 22
4 7 2 12 3 33 27 33 35 36 6031 34 8 7 5 6 4 3 2 4 1 1 0 36 36 2 1 1 0 2 4 3 3 10 100 5 6 7 7 1051 2 3 6 4 5 7 9 10 13 46 53 541 4 3 79 2 1 0 18 31 36 33 13 20 21 12 17 145 120 11 10 9 8 7 6 5 4 3 2 1 0 4 33 9 1 0 7 6 8 5 4 2 0 1 3 21
6 1 11 2 32 26 32 34 35 27 6002 23 9 7 6 4 5 3 2 1 3 0 0 35 35 1 0 0 1 3 2 2 9 99 4 5 6 6 0 1049 1 2 5 3 4 6 8 9 12 45 52 520 19 3 2 78 1 0 17 30 35 18 13 12 19 20 11 16 23 107 85 9 8 7 6 5 4 3 2 1 0 3 5 26 8 0 6 5 7 4 3 1 0 2 9 10
0 10 1 31 25 31 33 34 26 10 5990 9 12 8 6 5 3 4 2 1 0 2 0 33 2 31 0 0 2 1 1 8 98 3 4 5 5 7 8 1039 0 1 4 2 3 5 7 8 11 44 51 491 27 18 2 1 77 0 16 29 20 13 17 12 11 18 19 10 15 22 20 74 64 13 12 11 10 9 3 1 0 2 4 13 11 7 5 4 6 3 2 0 1 8 9 10
9 0 30 24 30 32 33 25 9 25 5953 9 8 11 7 5 4 2 3 1 0 1 8 23 1 4 25 1 0 0 7 97 2 3 4 4 6 86 93 938 5 0 3 1 2 4 6 7 10 43 50 471 18 26 17 1 0 76 15 14 13 19 12 16 11 10 17 18 9 14 21 19 8 49 32 24 17 5 4 2 0 1 3 12 10 6 4 3 5 2 1 0 7 8 9 15
14 29 23 29 31 32 24 8 24 9 5932 9 8 7 10 6 4 3 1 2 0 0 7 22 0 3 24 0 0 6 96 1 2 3 3 5 85 5 5 923 7 4 2 0 1 3 5 6 9 42 49 442 27 17 25 16 0 55 19 14 13 12 18 11 15 10 9 16 17 8 13 20 18 7 15 6 5 10 4 3 1 0 2 11 9 5 3 2 4 1 0 6 7 8 14 12
13 22 28 30 31 23 7 23 8 283 5632 14 8 7 6 9 5 3 2 0 1 4 1 21 0 1 23 1 4 95 0 1 2 2 4 84 4 4 4 905 11 6 3 1 0 2 4 5 8 41 48 24 416 26 16 24 15 22 31 18 13 12 11 17 10 14 9 8 15 16 7 12 19 17 6 14 5 4 9 3 2 0 1 10 8 4 2 1 3 0 5 6 7 13 11 21
21 27 29 30 22 6 22 7 7 274 5620 10 13 7 6 5 8 4 2 1 0 3 0 20 0 22 0 1 91 2 0 1 1 3 83 3 3 3 124 772 6 10 5 2 0 1 3 4 7 40 47 23 257 157 25 15 23 14 21 30 17 12 11 10 16 9 13 8 7 14 15 6 11 18 16 5 13 4 3 8 2 1 0 9 7 3 1 0 2 4 5 6 12 10 20 4
26 28 29 21 5 21 6 6 25 247 5609 9 9 12 6 5 4 7 3 1 0 2 0 18 9 11 0 1 88 1 0 0 2 82 2 2 2 123 6 756 7 5 9 4 1 0 2 3 6 39 46 22 31 224 156 24 14 22 13 20 29 16 11 10 9 15 8 12 7 6 13 14 5 10 17 15 4 12 3 2 7 1 0 8 6 2 0 1 3 4 5 11 9 19 3 4
27 28 20 4 20 5 5 24 6 239 5599 8 8 8 11 5 4 3 6 2 0 1 0 16 8 10 0 1 85 0 0 1 81 1 1 1 122 5 18 728 7 6 4 8 3 0 1 2 5 38 45 21 30 39 183 155 23 13 21 12 19 28 15 10 9 8 14 7 11 6 5 12 13 4 9 16 14 3 11 2 1 6 0 7 5 1 0 2 3 4 10 8 18 2 3 -9999
27 19 3 19 4 4 23 5 5 232 5583 14 7 7 7 10 4 3 2 5 1 0 0 14 7 9 0 82 1 2 76 80 0 0 0 121 4 17 3 714 8 6 5 3 7 2 0 1 4 37 44 20 29 17 20 182 154 22 12 20 11 18 27 14 9 8 7 13 6 10 5 4 11 12 3 8 15 13 2 10 1 0 5 6 4 0 1 2 3 9 7 17 1 2 -9999 -9999
18 2 18 3 3 22 4 4 3 227 5582 6 6 6 6 6 9 3 2 1 4 0 5 7 6 8 81 0 1 72 2 10 14 19 120 3 16 2 274 424 13 7 5 4 2 6 1 0 3 36 43 19 28 16 2 16 181 153 21 11 19 10 17 26 13 8 7 6 12 5 9 4 3 10 11 2 7 14 12 1 9 0 4 5 3 0 1 2 8 6 16 0 1 -9999 -9999 -9999
1 17 2 2 21 3 3 2 2 223 5464 116 5 5 5 5 5 8 2 1 0 3 4 6 5 7 80 0 71 1 9 2 3 99 2 15 1 2 270 414 8 12 6 4 3 1 5 0 2 35 42 18 27 15 1 15 180 20 131 20 10 18 9 16 25 12 7 6 5 11 4 8 3 2 9 10 1 6 13 11 0 8 3 4 2 0 1 7 5 6 8 0 -9999 -9999 -9999 -9999
16 1 1 20 2 2 1 1 29 192 5456 6 115 4 4 4 4 4 7 1 0 2 3 5 4 6 79 70 0 8 1 2 98 1 14 0 1 2 266 406 6 7 11 5 3 2 0 4 1 34 41 17 26 14 0 14 179 19 99 30 19 9 17 8 15 24 11 6 5 4 10 3 7 2 1 8 9 0 5 12 10 7 2 3 1 0 6 4 5 6 0 -9999 -9999 -9999 -9999 -9999
0 0 19 1 1 0 0 28 35 155 5450 4 5 114 3 3 3 3 3 6 0 1 2 4 3 5 78 69 7 0 1 97 0 5 7 0 1 2 262 391 13 5 6 10 4 2 1 3 0 33 40 16 25 0 12 13 178 18 64 33 29 18 8 16 7 14 23 10 5 4 3 9 2 6 1 0 7 8 4 11 9 6 1 2 0 5 3 4 5 -9999 -9999 -9999 -9999 -9999 -9999 -9999
17 18 0 0 0 1 27 34 35 118 5442 6 3 4 113 2 2 2 2 2 5 0 1 3 2 4 77 68 6 0 7 88 0 3 6 0 1 5 255 388 1 12 4 5 9 3 1 0 2 32 39 15 13 10 11 12 177 17 35 27 32 28 17 7 15 6 13 22 9 4 3 2 8 1 5 0 6 7 3 10 8 5 0 1 4 2 3 4 -9999 -9999 -9999 -9999 -9999 -9999 -9999 -9999
19 20 21 22 23 24 33 34 54 62 5434 6 5 2 3 112 1 1 1 1 1 4 0 2 1 3 76 67 5 6 43 43 0 1 5 0 4 151 102 379 7 0 11 3 4 8 2 0 1 31 38 14 12 9 10 11 176 16 27 6 26 31 27 16 6 14 5 12 21 8 3 2 1 7 0 4 5 6 2 9 7 4 0 3 1 2 3 -9999 -9999 -9999 -9999 -9999 -9999 -9999 -9999 -9999
27 28 29 30 31 32 33 53 61 2974 2448 9 5 4 1 2 111 0 0 0 0 0 3 1 0 2 75 66 4 5 42 42 0 1 2 3 140 9 101 369 8 6 5 4 2 3 7 1 0 30 37 13 11 8 9 10 175 15 6 19 5 25 30 26 15 5 13 4 11 20 7 2 1 0 6 3 4 5 1 8 6 3 2 0 1 2 -9999 -9999 -9999 -9999 -9999 -9999 -9999 -9999 -9999 -9999
27 28 29 30 31 32 52 60 2973 3 597 1845 8 4 3 0 1 110 105 10 9 8 1 2 0 1 74 65 3 4 41 41 0 1 2 138 0 8 100 353 14 7 5 4 3 1 2 6 0 29 36 12 10 7 8 9 174 7 6 5 18 4 24 29 25 14 4 12 3 10 19 6 1 0 5 2 3 4 0 7 5 2 1 0 1 -9999 -9999 -9999 -9999 -9999 -9999 -9999 -9999 -9999 -9999 -9999
21 22 23 24 25 51 59 2972 2 29 566 1835 8 7 3 2 0 1 1 93 71 4 5 0 1 0 73 64 2 3 40 40 0 1 2 134 4 2 99 337 14 13 6 4 3 2 0 1 5 28 35 11 9 6 7 8 165 7 6 5 4 17 3 23 28 24 13 3 11 2 9 18 5 0 4 1 2 3 1 4 4 1 0 0 -9999 -9999 -9999 -9999 -9999 -9999 -9999 -9999 -9999 -9999 -9999 -9999
20 21 22 23 24 58 2971 1 28 2 562 1824 9 7 6 2 1 0 0 19 0 65 3 4 1 0 72 63 1 2 39 39 0 1 125 7 3 1 98 306 29 13 12 5 3 2 1 0 4 27 34 10 8 5 6 7 156 7 6 5 4 3 16 2 22 27 23 12 2 10 1 8 17 4 3 0 1 2 0 3 3 0 -9999 -9999 -9999 -9999 -9999 -9999 -9999 -9999 -9999 -9999 -9999 -9999 -9999 -9999
22 23 24 25 57 2970 0 27 1 302 258 1813 9 8 6 5 1 0 0 8 8 0 63 2 1 0 71 62 0 1 38 38 0 37 86 6 2 0 97 291 13 28 12 11 4 2 1 0 3 26 33 9 7 4 5 6 147 7 6 5 4 3 2 15 1 21 26 22 11 1 9 0 7 16 3 2 0 1 0 1 2 -9999 -9999 -9999 -9999 -9999 -9999 -9999 -9999 -9999 -9999 -9999 -9999 -9999 -9999 -9999
27 28 29 30 2943 25 26 0 301 1 255 1802 9 8 7 5 4 0 0 6 6 0 45 16 1 0 70 17 43 0 37 37 36 0 84 5 1 0 95 276 13 12 27 11 10 3 1 0 2 25 32 8 6 3 4 5 7 138 6 5 4 3 2 1 14 0 20 25 21 10 0 8 6 5 9 2 1 0 0 1 -9999 -9999 -9999 -9999 -9999 -9999 -9999 -9999 -9999 -9999 -9999 -9999 -9999 -9999 -9999 -9999
23 24 25 85 2856 24 25 300 0 182 71 1790 10 8 7 6 4 3 0 1 2 5 9 34 15 0 69 16 0 41 36 36 35 33 49 4 0 56 37 201 73 12 11 26 10 9 2 0 1 24 31 7 5 2 3 4 6 130 6 5 4 3 2 1 0 13 19 12 11 20 9 7 5 4 6 1 1 0 0 -9999 -9999 -9999 -9999 -9999 -9999 -9999 -9999 -9999 -9999 -9999 -9999 -9999 -9999 -9999 -9999 -9999
27 28 58 2828 26 23 24 299 119 61 70 78 1710 9 7 6 5 3 2 0 1 4 8 10 22 14 68 0 14 40 35 35 34 32 48 3 39 15 36 162 37 72 11 10 25 9 8 1 0 23 30 6 4 1 2 3 5 115 13 5 4 3 2 1 0 12 18 11 10 19 8 6 4 3 2 2 0 0 -9999 -9999 -9999 -9999 -9999 -9999 -9999 -9999 -9999 -9999 -9999 -9999 -9999 -9999 -9999 -9999 -9999 -9999
27 28 2795 31 25 22 23 298 118 60 69 77 1678 30 8 6 5 4 2 1 0 3 7 9 21 12 0 67 13 39 34 34 33 31 47 2 38 14 35 155 5 36 71 10 9 24 8 7 0 22 29 5 3 0 1 2 4 22 91 12 4 3 2 1 0 11 17 10 9 18 7 5 3 2 1 0 0 -9999 -9999 -9999 -9999 -9999 -9999 -9999 -9999 -9999 -9999 -9999 -9999 -9999 -9999 -9999 -9999 -9999 -9999 -9999
24 57 2736 30 24 21 22 297 117 59 68 76 1663 13 29 7 5 4 3 1 0 2 6 8 9 10 11 66 12 38 33 33 32 30 46 1 37 13 34 35 118 4 35 70 9 8 23 7 6 21 5 22 4 2 0 1 3 21 85 4 11 3 2 1 0 10 16 9 8 17 6 4 2 1 0 -9999 -9999 -9999 -9999 -9999 -9999 -9999 -9999 -9999 -9999 -9999 -9999 -9999 -9999 -9999 -9999 -9999 -9999 -9999 -9999 -9999
31 2710 24 29 23 20 21 296 116 58 67 75 1649 12 12 28 6 4 3 2 0 1 5 7 8 9 10 65 11 37 32 32 31 29 45 0 36 12 33 34 106 10 3 34 69 8 7 22 6 5 20 4 21 3 1 0 2 20 61 22 3 10 2 1 0 9 15 8 7 16 5 3 1 0 -9999 -9999 -9999 -9999 -9999 -9999 -9999 -9999 -9999 -9999 -9999 -9999 -9999 -9999 -9999 -9999 -9999 -9999 -9999 -9999 -9999 -9999
2625 83 23 28 22 19 20 295 115 57 66 74 1637 10 11 11 27 5 3 2 1 0 4 6 7 8 9 64 10 36 31 31 30 28 44 26 8 11 32 33 101 3 9 2 33 68 7 6 21 5 4 19 3 20 2 0 1 19 19 40 21 2 9 1 0 8 14 7 6 15 4 2 0 -9999 -9999 -9999 -9999 -9999 -9999 -9999 -9999 -9999 -9999 -9999 -9999 -9999 -9999 -9999 -9999 -9999 -9999 -9999 -9999 -9999 -9999 -9999
2545 82 22 27 21 18 19 294 114 56 65 73 1626 9 9 10 10 26 4 2 1 0 3 5 6 7 8 63 9 35 30 30 29 27 43 25 7 10 31 32 93 6 2 8 1 32 67 6 5 20 4 3 18 2 19 1 0 18 18 17 21 20 1 8 0 7 13 6 5 14 3 1 -9999 -9999 -9999 -9999 -9999 -9999 -9999 -9999 -9999 -9999 -9999 -9999 -9999 -9999 -9999 -9999 -9999 -9999 -9999 -9999 -9999 -9999 -9999 -9999
22 81 21 26 20 17 18 293 113 55 64 72 1616 8 8 8 9 9 25 3 1 0 2 4 5 6 7 62 8 34 29 29 28 26 42 24 6 9 30 31 89 2 5 1 7 0 31 66 5 4 19 3 2 17 1 18 0 17 17 16 10 9 19 0 7 6 12 5 4 13 2 0 -9999 -9999 -9999 -9999 -9999 -9999 -9999 -9999 -9999 -9999 -9999 -9999 -9999 -9999 -9999 -9999 -9999 -9999 -9999 -9999 -9999 -9999 -9999 -9999
21 80 20 25 19 16 17 292 112 54 63 71 5 1609 7 7 7 8 8 24 2 0 1 3 4 5 6 61 7 33 28 28 27 25 41 23 5 8 29 30 84 3 1 4 0 6 30 0 64 4 3 18 2 1 16 0 17 16 16 15 9 8 7 10 6 5 11 4 3 12 1 -9999 -9999 -9999 -9999 -9999 -9999 -9999 -9999 -9999 -9999 -9999 -9999 -9999 -9999 -9999 -9999 -9999 -9999 -9999 -9999 -9999 -9999 -9999 -9999 -9999
20 79 19 24 18 15 16 291 111 53 62 70 4 1607 0 6 6 6 7 7 23 1 0 2 3 4 5 60 6 32 27 27 26 24 40 22 4 7 28 29 81 1 2 0 3 5 10 18 46 16 3 2 17 1 0 15 16 15 15 14 8 7 6 9 5 4 10 3 2 11 0 -9999 -9999 -9999 -9999 -9999 -9999 -9999 -9999 -9999 -9999 -9999 -9999 -9999 -9999 -9999 -9999 -9999 -9999 -9999 -9999 -9999 -9999 -9999 -9999 -9999
19 78 18 23 17 14 15 290 110 52 61 69 3 1604 1 0 5 5 5 6 6 22 0 1 2 3 4 59 5 31 26 26 25 23 39 21 3 6 27 28 14 65 0 1 2 4 9 17 41 3 15 2 1 16 0 14 15 14 14 13 7 6 5 8 4 3 9 2 1 10 -9999 -9999 -9999 -9999 -9999 -9999 -9999 -9999 -9999 -9999 -9999 -9999 -9999 -9999 -9999 -9999 -9999 -9999 -9999 -9999 -9999 -9999 -9999 -9999 -9999 -9999
18 77 17 22 16 13 14 289 109 51 60 68 2 1596 6 5 4 4 4 4 5 5 21 0 1 2 3 58 4 30 25 25 24 22 38 20 2 5 26 27 13 54 9 0 1 3 8 16 22 17 2 14 1 0 15 13 14 13 13 12 6 5 4 7 3 2 8 1 0 9 -9999 -9999 -9999 -9999 -9999 -9999 -9999 -9999 -9999 -9999 -9999 -9999 -9999 -9999 -9999 -9999 -9999 -9999 -9999 -9999 -9999 -9999 -9999 -9999 -9999 -9999
17 76 16 21 15 12 13 288 108 50 59 67 1 1592 2 1 0 3 3 3 3 4 4 20 0 1 2 57 3 29 24 24 23 21 37 19 1 4 25 26 12 42 10 8 0 2 7 15 2 18 16 1 13 0 14 12 13 12 12 11 5 4 3 6 2 1 7 0 8 -9999 -9999 -9999 -9999 -9999 -9999 -9999 -9999 -9999 -9999 -9999 -9999 -9999 -9999 -9999 -9999 -9999 -9999 -9999 -9999 -9999 -9999 -9999 -9999 -9999 -9999 -9999
16 75 15 20 14 11 12 287 107 49 58 66 0 5 1585 2 1 0 2 2 2 2 3 3 19 0 1 56 2 28 23 23 22 20 36 18 0 3 24 25 11 41 8 0 7 1 6 9 4 1 17 15 0 12 13 11 12 11 11 10 4 3 2 5 1 0 6 7 -9999 -9999 -9999 -9999 -9999 -9999 -9999 -9999 -9999 -9999 -9999 -9999 -9999 -9999 -9999 -9999 -9999 -9999 -9999 -9999 -9999 -9999 -9999 -9999 -9999 -9999 -9999 -9999
15 74 14 19 13 10 11 286 106 48 57 65 0 3 1581 4 3 2 1 1 1 1 1 2 2 18 0 55 1 27 22 22 21 19 35 16 0 2 23 24 10 17 22 7 6 0 5 4 3 3 0 16 14 11 12 10 11 10 10 9 3 2 1 4 0 5 6 -9999 -9999 -9999 -9999 -9999 -9999 -9999 -9999 -9999 -9999 -9999 -9999 -9999 -9999 -9999 -9999 -9999 -9999 -9999 -9999 -9999 -9999 -9999 -9999 -9999 -9999 -9999 -9999 -9999
