Input/fac.txt
ncols         499
nrows         814
xllcorner     740469.8622132
yllcorner     6925315.7347817
cellsize      5
NODATA_value  -9999
[rows 308 to 351 of 814, columns 192 to 287 of 499]
37 38 39 40 41 42 43 44 45 46 47 48 49 50 51 52 53 54 55 56 57 58 59 60 61 62 63 64 65 66 67 68 69 70 71 72 73 74 75 76 77 78 79 80 81 82 83 84 85 86 87 88 89 90 91 92 93 94 95 96 97 98 99 100 0 0 0 1 2 3 4 5 6 7 8 9 38617 5 4 3 2 1 0 2 0 2 0 0 0 1 2 3 0 0 5 8
38 39 40 41 42 43 44 45 46 47 48 49 50 51 52 53 54 55 56 57 58 59 60 61 62 63 64 65 66 67 68 69 70 71 72 73 74 75 76 77 78 79 80 81 82 83 84 85 86 87 88 89 90 91 92 93 94 95 96 97 98 99 100 101 203 205 207 208 209 210 211 212 213 214 215 216 38600 7 6 5 4 3 2 1 1 0 0 0 1 2 3 0 4 1 1 15
44 45 46 47 48 49 50 51 52 53 54 55 56 57 58 59 60 61 62 63 64 65 66 67 68 69 70 71 72 73 74 75 76 77 78 79 80 81 82 83 84 85 86 87 88 89 90 91 92 93 94 95 96 97 98 99 100 101 102 103 104 105 106 107 108 109 110 111 112 113 114 115 116 117 118 119 38374 6 5 4 3 2 1 0 0 0 0 0 1 2 0 4 1 5 2 2
46 47 48 49 50 51 52 53 54 55 56 57 58 59 60 61 62 63 64 65 66 67 68 69 70 71 72 73 74 75 76 77 78 79 80 81 82 83 84 85 86 87 88 89 90 91 92 93 94 95 96 97 98 99 100 101 102 103 104 105 106 107 108 109 110 111 112 113 114 115 116 117 118 119 120 121 38246 7 6 5 4 3 2 1 0 0 1 1 2 3 7 1 5 2 6 3
48 49 50 51 52 53 54 55 56 57 58 59 60 61 62 63 64 65 66 67 68 69 70 71 72 73 74 75 76 77 78 79 80 81 82 83 84 85 86 87 88 89 90 91 92 93 94 95 96 97 98 99 100 101 102 103 104 105 106 107 108 109 110 111 112 113 114 115 116 117 118 119 120 121 122 123 38115 7 6 5 4 3 2 1 0 0 1 4 5 6 7 16 19 6 3 11
49 50 51 52 53 54 55 56 57 58 59 60 61 62 63 64 65 66 67 68 69 70 71 72 73 74 0 0 0 0 1 2 3 4 5 6 7 8 9 10 11 12 13 0 0 0 0 1 2 3 4 5 6 7 8 9 10 11 12 13 14 15 16 17 18 19 20 21 22 23 24 25 26 27 28 29 37944 7 6 5 4 3 2 1 0 0 1 2 3 4 5 6 7 28 36 37
53 54 55 56 57 58 59 60 61 62 63 64 65 66 67 68 69 70 71 72 73 74 75 76 77 0 75 1 1 1 0 1 2 3 4 5 6 7 8 9 10 11 0 14 1 1 1 0 0 1 2 3 4 5 6 7 8 9 10 11 0 0 0 1 2 3 4 5 6 7 8 9 10 11 12 15 37920 6 5 4 3 2 1 0 0 0 0 1 2 3 4 5 6 7 8 9
50 51 52 53 54 55 56 57 58 59 60 61 62 63 64 65 66 67 68 69 70 71 72 73 0 78 1 76 2 2 2 0 1 2 3 4 5 6 7 8 9 10 12 1 15 2 2 2 1 0 1 2 3 4 5 6 7 8 9 0 12 1 1 0 0 1 2 3 4 5 6 7 8 0 1 37750 37760 158 6 5 4 3 2 1 0 0 1 2 3 4 5 36 45 51 58 66
51 52 53 54 55 56 57 58 59 60 61 62 63 64 65 66 67 68 0 1 2 3 0 0 74 1 79 2 77 3 3 3 0 1 2 3 4 5 6 7 8 0 11 13 2 16 3 3 3 2 0 1 2 3 4 5 6 7 8 10 1 13 2 2 1 0 1 2 3 4 5 6 7 17 37749 3 4 84 65 34 4 3 2 1 0 0 1 2 3 4 29 7 4 5 6 11
52 53 54 55 56 57 58 59 60 61 62 63 64 65 66 67 68 0 69 0 0 0 4 1 1 75 2 80 3 78 4 4 4 5 6 7 8 9 10 11 0 9 1 12 14 3 17 4 4 4 3 0 1 2 3 4 5 6 7 17 29 2 14 3 3 6 7 8 9 10 11 12 13 37729 0 2 3 26 56 29 28 25 3 2 0 0 2 3 15 23 6 3 4 5 10 471
53 54 55 56 57 58 59 60 61 62 63 64 65 66 67 68 69 139 1 70 1 1 1 5 2 2 76 3 81 4 79 5 5 6 7 8 9 10 11 12 12 1 10 2 13 15 4 18 5 5 5 4 0 1 2 3 4 5 6 7 8 39 43 59 64 65 66 67 68 69 70 71 72 37641 0 1 2 3 21 55 28 1 20 9 0 0 2 10 6 5 2 3 4 9 3 466
64 65 66 67 68 69 70 71 72 73 74 75 76 77 78 0 0 0 141 2 74 77 2 2 6 3 3 77 4 82 5 80 6 0 1 2 3 4 5 0 13 13 2 11 3 14 16 5 19 6 6 6 5 0 0 0 0 1 2 3 4 5 6 7 8 9 10 11 12 13 14 15 37639 4 3 0 1 2 8 11 54 27 0 9 7 0 6 5 4 1 2 3 8 2 1 459
61 62 63 64 65 66 67 68 69 70 71 72 73 74 75 155 157 1 0 143 0 0 78 3 3 7 4 4 78 5 83 6 81 7 0 1 2 3 0 6 1 14 14 3 12 4 15 17 6 20 7 7 7 6 1 1 1 0 0 1 2 3 4 5 6 7 8 9 10 11 12 13 37617 4 3 2 0 1 7 10 25 27 26 8 6 5 4 3 0 1 2 7 1 0 443 10
15 16 17 18 19 20 21 22 23 24 25 26 27 28 29 30 31 190 2 3 148 1 1 79 4 4 8 5 5 79 6 84 7 82 8 0 0 0 4 1 7 2 15 15 4 13 5 16 18 7 21 8 8 8 7 2 2 2 1 0 0 1 2 3 4 5 6 0 1 2 3 37605 5 4 3 2 1 0 6 9 24 26 25 7 5 4 3 2 0 1 6 0 0 1 440 5
94 95 96 97 98 99 100 101 102 103 104 105 106 107 108 109 110 111 303 0 0 150 153 2 80 5 5 9 6 6 80 7 85 8 83 9 1 1 1 5 2 8 3 16 16 5 14 6 17 19 8 22 9 9 9 8 3 3 3 2 1 0 0 0 0 0 0 7 0 0 1 37586 9 8 3 2 1 0 5 8 23 25 24 6 4 3 2 1 0 5 7 8 9 417 14 6
44 45 46 47 48 49 50 51 52 53 54 55 56 57 58 59 60 61 62 367 369 370 371 526 530 81 6 6 10 7 7 81 8 86 9 84 10 2 2 2 6 3 9 4 17 17 21 7 0 18 20 9 23 10 10 10 9 4 4 4 3 2 1 1 1 1 1 1 8 1 0 37573 12 5 3 2 1 0 4 7 22 24 23 5 3 2 1 0 4 6 7 8 9 406 6 6
42 43 44 45 46 0 0 0 0 0 0 0 1 2 3 0 1 2 3 4 5 6 7 8 9 541 624 7 7 11 8 8 82 9 87 10 85 11 3 3 3 7 4 10 5 18 40 8 0 1 19 21 10 24 11 11 11 10 5 5 5 4 3 2 2 2 2 2 2 9 37550 8 7 5 4 2 1 0 3 6 21 23 22 4 2 1 0 3 5 6 7 8 9 385 5 5
38 39 40 41 0 47 1 1 1 1 1 1 0 0 0 4 0 1 2 3 4 5 6 7 8 9 10 636 8 8 12 9 9 83 10 88 11 86 12 4 4 4 8 5 11 6 19 41 9 1 2 20 22 11 25 12 12 12 11 6 6 6 5 4 3 3 3 3 3 7 37536 24 7 6 4 3 1 0 2 5 20 22 21 3 1 0 2 4 5 6 7 16 311 59 6 4
36 37 38 39 42 1 48 2 2 2 2 2 2 1 1 1 5 0 0 1 2 3 4 5 6 7 8 9 647 9 9 13 10 10 84 11 89 12 87 13 5 5 5 9 6 12 7 20 42 10 2 3 21 23 12 26 13 13 13 12 7 7 7 6 5 4 4 4 4 37510 19 11 15 6 5 3 2 0 1 4 19 21 20 2 0 1 3 4 5 6 7 8 284 6 51 5
35 36 37 38 40 43 2 49 3 3 3 3 3 3 2 2 2 6 1 0 1 2 3 4 5 6 7 8 9 648 10 10 14 11 11 85 12 90 13 88 14 6 6 6 10 7 13 8 21 43 11 7 22 0 24 13 27 14 14 14 13 8 8 8 7 6 5 5 37459 16 8 6 10 14 5 4 2 1 0 3 18 20 19 1 0 2 3 4 5 6 7 160 110 11 5 50
19 20 21 22 62 104 44 3 50 4 4 4 4 4 4 3 3 3 7 2 0 1 2 3 4 5 6 7 0 10 649 11 11 15 12 12 86 13 91 14 89 15 7 7 7 11 8 14 9 22 56 8 23 1 0 25 14 28 15 15 15 14 9 9 9 8 7 37427 19 2 6 7 5 9 13 4 3 1 0 2 17 19 18 0 1 2 3 4 5 6 7 151 97 11 10 4
17 18 19 20 21 22 128 174 4 51 5 5 5 5 5 5 4 4 4 8 3 0 0 1 2 3 0 0 8 1 11 650 12 12 16 13 13 87 14 92 15 90 16 8 8 8 12 9 15 10 80 9 24 2 1 0 26 15 29 16 16 16 15 10 10 10 37379 32 2 15 1 5 6 4 8 12 3 2 0 1 16 18 17 0 1 2 3 4 5 6 25 124 91 4 10 9
16 17 18 19 20 21 22 23 199 205 52 6 6 6 6 6 6 5 5 5 9 4 1 0 0 0 4 1 1 9 2 12 651 13 13 17 14 14 88 15 93 16 91 17 9 9 9 13 10 27 81 10 25 3 2 1 0 27 16 30 17 17 17 16 11 37341 16 2 28 1 14 0 4 5 3 7 11 2 1 0 15 17 16 0 1 2 3 4 5 24 6 116 63 26 3 9
14 15 16 17 18 19 20 21 22 23 230 284 7 7 7 7 7 7 6 6 6 10 5 2 1 1 1 5 2 2 10 3 13 652 14 14 18 15 15 89 16 94 17 92 18 10 10 10 25 28 82 11 26 4 3 2 1 0 28 17 31 18 18 18 37299 17 13 12 1 27 0 13 5 3 4 2 6 10 1 0 14 16 15 0 1 2 3 4 23 5 20 94 51 10 25 2
10 11 12 13 14 15 16 17 18 19 20 21 307 316 8 8 8 8 8 7 7 7 11 6 3 2 2 2 6 3 3 11 4 14 653 15 15 19 16 16 90 17 113 0 93 19 11 11 37 29 83 12 27 5 4 3 2 1 0 29 18 32 19 37210 70 32 2 12 11 0 26 7 6 4 2 3 1 5 9 0 13 15 14 0 1 2 3 22 4 19 44 48 18 31 9 24
8 9 10 11 12 13 14 15 16 17 18 19 38 39 357 367 9 9 9 9 8 8 8 12 7 4 3 3 3 7 4 4 12 5 21 676 693 710 20 17 17 109 114 1 94 0 20 12 50 30 84 13 28 6 5 4 3 2 1 30 0 19 37171 8 19 16 31 1 11 10 9 7 6 5 3 1 2 0 4 8 12 14 13 0 1 2 21 3 18 22 20 47 17 14 15 8
6 7 8 9 10 11 12 13 14 15 16 17 0 1 2 3 372 383 10 10 10 9 9 9 13 8 5 4 4 4 8 5 5 19 20 21 22 23 711 21 18 128 115 2 0 95 1 34 51 31 117 162 29 7 6 5 4 3 2 31 1 37108 3 3 3 18 15 30 0 10 9 8 6 5 4 2 0 1 3 7 11 13 12 0 1 20 2 17 21 19 33 12 16 13 14 7
7 8 9 10 11 12 13 14 15 16 17 18 19 20 21 22 23 24 409 11 11 11 10 10 10 14 9 6 5 5 5 9 6 7 8 9 10 11 36 712 754 129 116 117 3 1 100 35 34354 34361 34368 34374 34542 34562 34570 34577 34583 34588 34592 34625 37079 3 2 2 2 2 17 14 29 15 9 8 7 5 4 3 1 0 2 6 10 12 11 0 19 1 16 20 18 24 7 11 15 12 13 6
5 6 7 8 9 10 11 12 13 14 15 16 17 18 19 20 21 22 23 434 12 12 12 11 11 11 15 10 7 6 6 6 17 18 19 20 21 22 23 61 817 130 0 0 118 123 101 34265 1 5 5 4 3 10 8 12 15 30 39 2369 80 7 6 1 1 1 1 16 13 12 14 8 7 6 4 3 2 0 1 5 9 11 10 18 0 15 19 17 7 15 6 10 14 11 12 5
9 10 11 12 13 14 15 16 17 18 19 20 21 22 23 24 25 26 27 28 435 13 13 13 12 12 12 16 11 8 7 15 16 17 18 19 20 21 22 23 842 0 131 1 1 126 34160 1 0 4 4 3 2 9 7 2 1 13 7 2328 71 9 7 5 0 0 0 0 15 12 11 13 7 6 5 3 2 1 0 4 8 10 9 17 14 18 8 7 6 14 5 9 13 10 11 4
11 12 13 14 15 16 17 18 19 20 21 22 23 24 25 26 27 28 29 30 29 436 14 14 14 13 13 13 17 12 9 10 11 12 13 14 15 16 17 18 0 843 1 132 135 34028 4 1 0 3 3 2 1 8 6 1 0 12 6 2327 60 0 0 6 4 3 2 1 0 14 11 10 12 6 5 4 2 1 0 3 7 9 8 16 13 17 7 6 5 13 4 8 12 9 10 3
3 4 5 6 7 8 9 10 11 12 13 14 15 16 17 18 19 20 21 22 31 62 437 15 15 15 14 14 14 18 13 14 15 16 17 18 19 20 21 22 42 1 844 2 34020 4 1 3 0 2 2 1 0 7 5 0 5 5 5 2326 58 2 1 0 5 4 3 2 1 0 13 10 9 11 5 4 3 1 0 2 6 8 7 15 12 16 6 5 4 12 3 7 11 8 9 2
1 2 3 4 5 0 0 0 0 0 0 1 2 3 4 5 6 7 8 0 23 0 63 438 16 16 16 15 15 15 35 36 37 38 39 40 41 42 43 44 45 43 2 848 33875 3 3 0 2 1 1 0 2 3 4 4 4 4 4 2320 54 53 52 20 19 18 17 16 15 14 13 12 9 8 10 4 3 2 0 1 5 7 6 14 11 15 5 4 3 11 2 6 10 7 8 1
2 0 0 0 0 6 1 1 1 1 1 0 0 1 2 3 4 0 0 9 1 24 1 64 439 17 17 17 16 16 17 18 19 20 21 22 23 24 25 26 27 74 119 33870 1 0 2 2 1 0 0 1 2 3 3 3 3 3 2 2316 2 1 0 30 29 28 27 26 25 24 23 12 11 8 7 9 3 2 1 0 4 6 5 13 10 14 4 3 2 10 1 5 9 6 7 0
0 3 1 1 1 1 7 2 2 2 2 2 1 0 0 0 0 5 1 1 10 2 25 2 65 440 18 18 18 17 0 1 2 3 4 5 6 7 8 9 10 11 12 32898 2 1 0 1 1 0 0 1 2 2 2 2 2 1 2264 47 10 9 8 7 6 5 4 3 2 1 0 22 11 10 7 6 8 2 1 0 3 5 4 12 9 13 3 2 1 9 0 4 8 5 6 7
4 1 4 2 2 2 2 8 3 3 3 3 3 2 1 1 1 1 6 2 2 11 29 3 66 441 19 0 19 19 18 0 1 2 3 4 5 6 7 8 9 10 11 32881 4 3 2 1 0 0 0 1 1 1 1 1 0 0 2263 35 34 33 32 31 30 29 28 27 26 25 24 23 21 10 9 6 5 7 1 0 2 4 3 11 8 12 2 1 0 8 3 7 4 5 6 9
12 5 2 5 3 3 3 3 9 4 4 4 4 4 3 2 2 2 2 7 3 3 42 4 67 442 20 1 0 20 20 19 0 0 0 0 0 0 0 0 0 1 32870 4 3 2 1 0 0 0 0 0 0 0 0 5 6 7 2261 23 22 21 20 19 18 17 16 15 14 13 12 11 22 20 9 8 5 4 6 0 1 3 2 10 7 11 1 0 7 2 6 3 4 5 8 9
13 13 6 3 6 11 4 4 4 10 5 5 5 5 5 4 3 3 3 3 8 4 47 5 68 443 21 2 0 1 21 21 20 1 1 1 1 1 1 1 1 0 32855 26 21 5 4 3 2 0 0 0 2 3 4 0 1 2 2228 24 23 22 21 20 19 18 17 16 15 14 13 12 10 21 19 8 7 4 3 5 0 2 1 9 6 10 0 6 1 5 2 3 4 7 8 11
15 14 14 7 4 0 13 5 5 5 11 6 6 6 6 6 5 4 4 4 4 9 53 6 69 444 22 3 0 1 2 22 22 21 2 2 2 2 2 2 2 32791 32826 4 3 14 8 3 2 1 0 0 0 1 0 1 2 2112 86 85 72 58 42 18 17 16 15 14 13 12 11 10 11 9 20 18 7 6 3 2 4 1 0 8 5 9 5 0 4 1 2 3 6 7 10 8
18 16 15 15 8 5 6 21 6 6 13 26 34 42 7 7 7 6 5 11 17 23 88 7 70 445 23 4 1 0 2 3 23 23 22 3 3 3 32751 32767 32788 9 13 14 3 2 4 3 2 1 0 0 0 0 2 0 0 2108 26 11 11 12 14 22 21 20 19 18 17 16 15 7 9 10 8 19 17 6 5 2 1 3 0 7 4 8 4 3 0 1 2 5 6 9 7 10
20 19 17 16 33 43 0 0 22 7 0 1 2 0 44 8 8 8 7 8 9 10 11 97 71 446 24 5 2 0 1 3 4 24 24 23 28 32743 5 2 6 5 2 12 13 2 1 3 1 0 1 1 0 1 1 3 2043 35 28 13 10 10 11 13 12 11 10 9 8 7 6 6 6 8 9 7 18 16 5 4 1 0 2 6 3 7 3 2 0 1 4 5 8 6 9 7
22 21 20 18 0 0 44 46 48 72 8 9 10 14 15 61 9 9 9 10 11 0 1 112 72 447 25 6 3 1 0 2 4 5 25 32677 32692 16 4 1 5 4 1 8 2 12 1 0 0 0 2 2 0 1 2 5 2037 4 5 27 12 9 9 10 9 8 7 6 5 4 3 5 5 5 7 8 6 17 15 4 3 0 1 5 2 6 2 1 0 3 4 7 5 8 6 7
21 23 22 21 19 1 1 0 0 0 73 0 1 2 3 4 67 88 89 90 91 104 105 210 397 474 7 0 4 2 0 1 3 5 32621 3 13 15 3 0 4 3 0 7 1 6 4 0 0 0 1 3 3 1 2 2031 71 3 3 4 26 11 8 8 7 6 5 4 3 2 1 2 4 4 4 6 7 5 16 14 3 2 0 4 1 5 1 0 2 3 6 4 7 5 6 7
23 22 24 23 22 20 2 2 1 1 1 74 0 1 2 3 4 5 6 7 8 9 103 0 1 875 8 1 5 3 0 1 32596 32599 8 2 12 0 13 2 3 2 0 5 0 5 3 0 1 1 1 2 4 4 1952 518 494 66 2 2 3 25 10 7 6 5 4 3 2 1 0 0 1 3 3 3 5 6 4 15 13 2 1 3 0 4 0 1 2 5 3 6 4 5 6 7
